-0.000000327
-0.000000390
-0.000000506
-0.000000553
-0.000000544
-0.000000583
-0.000000624
-0.000000580
-0.000000510
-0.000000468
-0.000000389
-0.000000256
-0.000000117
0.0000000249
0.0000001931
0.0000003720
0.0000005509
0.0000007273
0.0000008941
0.0000010495
0.0000011724
0.0000012537
0.0000013323
0.0000013753
0.0000013002
0.0000011957
0.0000011528
0.0000009859
0.0000006308
0.0000003822
0.0000002334
-0.000000185
-0.000000723
-0.000000953
-0.000001163
-0.000001721
-0.000002165
-0.000002207
-0.000002381
-0.000002785
-0.000002849
-0.000002625
-0.000002581
-0.000002523
-0.000002128
-0.000001638
-0.000001198
-0.000000628
0.0000000642
0.0000007832
0.0000015386
0.0000023039
0.0000030952
0.0000038381
0.0000043502
0.0000049531
0.0000057757
0.0000058348
0.0000052951
0.0000059525
0.0000066238
0.0000045682
0.0000028137
0.0000046534
0.0000041138
-0.000001771
-0.000003021
0.0000014528
-0.000003087
-0.000013434
-0.000009742
-0.000002514
-0.000015998
-0.000028336
-0.000012362
-0.000006038
-0.000036401
-0.000042367
-0.000000886
-0.000008339
-0.000080638
-0.000050909
0.0001385569
0.0002592100
0.0001385569
-0.000050909
-0.000080638
-0.000008339
-0.000000886
-0.000042367
-0.000036401
-0.000006038
-0.000012362
-0.000028336
-0.000015998
-0.000002514
-0.000009742
-0.000013434
-0.000003087
0.0000014528
-0.000003021
-0.000001771
0.0000041138
0.0000046534
0.0000028137
0.0000045682
0.0000066238
0.0000059525
0.0000052951
0.0000058348
0.0000057757
0.0000049531
0.0000043502
0.0000038381
0.0000030952
0.0000023039
0.0000015386
0.0000007832
0.0000000642
-0.000000628
-0.000001198
-0.000001638
-0.000002128
-0.000002523
-0.000002581
-0.000002625
-0.000002849
-0.000002785
-0.000002381
-0.000002207
-0.000002165
-0.000001721
-0.000001163
-0.000000953
-0.000000723
-0.000000185
0.0000002334
0.0000003822
0.0000006308
0.0000009859
0.0000011528
0.0000011957
0.0000013002
0.0000013753
0.0000013323
0.0000012537
0.0000011724
0.0000010495
0.0000008941
0.0000007273
0.0000005509
0.0000003720
0.0000001931
0.0000000249
-0.000000117
-0.000000256
-0.000000389
-0.000000468
-0.000000510
-0.000000580
-0.000000624
-0.000000583
-0.000000544
-0.000000553
-0.000000506
-0.000000390