-0.0000000289
-0.0000000376
-0.0000000264
0.00000000
0.00000002
0.00000002
0.00000000
0.00000000
0.00000000
0.00000001
0.00000000
-0.0000000021
-0.0000000071
-0.0000000051
-0.0000000013
0.00000000
0.00000000
-0.0000000000
-0.000000000
0.00000000
0.00000000
0.00000001
0.000000007
-0.0000000072
-0.0000000204
-0.0000000174
-0.0000000068
-0.0000000158
-0.0000000508
-0.0000000717
-0.000000029
0.00000006
0.00000014
0.00000014
0.00000009
0.00000005
0.00000005
0.000000027
-0.0000000884
-0.0000002670
-0.0000003903
-0.0000003687
-0.0000002202
-0.00000002
0.00000017
0.00000037
0.00000056
0.00000067
0.00000061
0.00000037
0.0000000000
-0.0000004502
-0.0000008792
-0.0000011543
-0.0000011719
-0.0000009386
-0.0000005234
0.00000008
0.00000095
0.00000194
0.00000249
0.00000208
0.000000848
-0.0000003268
-0.0000007569
-0.0000009603
-0.0000021510
-0.0000043773
-0.0000055610
-0.000003318
0.00000187
0.00000612
0.00000591
0.00000256
0.00000156
0.00000598
0.00001080
0.000006231
-0.0000111959
-0.0000309812
-0.0000347706
-0.000013158
0.00002260
0.00004714
0.00004174
0.0000105885
-0.0000229319
-0.0000362411
-0.0000252631
-0.00000431
0.00000927
0.00000976
0.00000404
0.00000131
0.00000371
0.00000652
0.00000510
0.0000000123
-0.0000045022
-0.0000054604
-0.0000036122
-0.0000015966
-0.0000008387
-0.0000006920
-0.00000000
0.00000130
0.00000234
0.00000240
0.00000162
0.00000063
-0.0000001449
-0.0000006799
-0.0000010396
-0.0000011968
-0.0000010879
-0.0000007463
-0.000000296
0.00000013
0.00000047
0.00000065
0.00000065
0.00000051
0.00000031
0.000000109
-0.0000000903
-0.0000002791
-0.0000003931
-0.0000003628
-0.0000002070
-0.00000003
0.00000004
0.00000005
0.00000006
0.00000011
0.00000015
0.00000012
0.0000000333
-0.0000000516
-0.0000000699
-0.0000000379
-0.0000000093
-0.0000000095
-0.0000000203
-0.0000000173
-0.00000000
0.00000000
0.00000000
0.00000000
0.0000000000
-0.0000000001
0.00000000
0.00000000
-0.0000000000
-0.0000000024
-0.0000000063
-0.0000000063
0.00000000
0.00000000
0.00000000
0.00000000
0.00000000
0.00000001
0.00000002
0.00000001
-0.0000000093
-0.0000000326